
  美國 10,20,21,22,23,27,36,38,39,41,44,45,46,48
  市場 6,10,11,12,13,20,22,24,27,33
  進口 22,38,39,40,45,46,48,49,50
  關稅 21,22,38,40,44,45,46,48,49,50
  銀行 10,13,14,15,24,28,31,32
  貿易 20,36,38,39,40,41,45
  億元 11,12,13,17,18,30,35
  美元 10,22,27,29,30,33
  10  13,14,21,45,50
  台灣 14,16,24,25
  發展 18,24,33,47
  萬元 19,28,34,35
  下跌 20,29,49,50
  指數 22,27,40,50
  問題 24,32,39,51
  台股 6,11,12
  利率 13,30,31
  未來 15,16,22
  持續 10,15,18
  投資 11,16,33
  成長 16,22,35
  上揚 20,21,49
  徵收 21,49,50
  預期 23,27,29
  表示 36,41,44
  協定 37,41,45
  000 5,6
  20 11,34
  法人 12,15
  因應 15,39
  集團 16,40
  放款 19,31
  原油 21,23
  一個 21,51
  金融 24,26
  貨幣 24,25
  匯率 24,25
  我們 25,37
  人才 26,32
  12 27,30
  今年 29,32
  50 29,34
  100 32,34
  分行 32,35
  機構 34,47
  規模 33,35
  經濟體 36,41
  經濟 38,40
  簽署 37,41
  採取 39,45
  股價 40,48
  汽車 40,48
  歐洲 40,45
  自由 41,45
  川普 42,48
  鋼鐵 46,49
  歐盟 44,45
  點或 49,50
  25 49,50
  將對 48,50